Max=4.34601
Min=-2.79107
