Max=2.09382
Min=-4.00696
