Max=2.46715
Min=-2.12891
