Max=2.75603
Min=-2.21927
