Max=1.78847
Min=-4.02429
