Max=1.93661
Min=-1.22218
