Max=-0.93764
Min=-2.40741
