Max=-1.07479
Min=-3.12844
