Max=-0.16648
Min=-4.12591
