Max=2.43501
Min=-3.05788
