Max=3.32181
Min=-1.39724
