Max=1.83914
Min=-4.02623
