Max=2.43501
Min=-2.77721
