Max=1.75935
Min=-3.55786
