Max=0.97366
Min=-1.05233
