Max=2.05955
Min=-2.10521
