Max=1.65585
Min=-2.16098
