Max=2.18151
Min=-4.09939
