Max=2.08865
Min=-4.07972
