Max=-1.26617
Min=-2.91818
