Max=0.45064
Min=-3.30596
