Max=3.61212
Min=-2.15468
