Max=3.38383
Min=-2.10521
