Max=1.93661
Min=-2.01655
