Max=2.80622
Min=-4.29198
