Max=2.51983
Min=-2.15468
