Max=0.94183
Min=-3.91518
