Max=4.42212
Min=-2.24332
