Max=2.38401
Min=-3.96076
