Max=-1.54963
Min=-3.05788
