Max=-0.02441
Min=-2.95742
