Max=3.32181
Min=-2.01655
