Max=3.80193
Min=-2.30638
