Max=0.37744
Min=-3.91876
