Max=-0.23531
Min=-1.27679
