Max=-0.02441
Min=-3.29678
