Max=3.38383
Min=-1.94013
