Max=3.32181
Min=-2.12891
