Max=2.82297
Min=-4.12591
