Max=4.42212
Min=-2.79107
