Max=2.04369
Min=-2.26889
