Max=-1.56552
Min=-2.91764
