Max=0.24469
Min=-4.12591
