Max=2.58511
Min=-4.14773
