Max=4.43689
Min=-2.24332
