Max=1.65585
Min=-1.70331
